#GSAS-II instrument parameter file; do not add/delete items!
Type:PXC
Bank:1.0
Lam:0.182
Polariz.:7.277695011573669
Azimuth:0.0
Zero:0.007341244971256784
U:34.46234800978331
V:24.427984831970416
W:0.23452194131945805
X:0.08631055600336998
Y:-9.252201925461424
Z:0.4027296596515753
SH/L:0.008019842049013837
