#GSAS-II instrument parameter file; do not add/delete items!
    Type:PXC
    Bank:1.0
    Lam:0.182
    Polariz.:7.277695011573669
    Azimuth:0.0
    Zero:0.0045245646526768475
    U:-183.69421484253417
    V:19.123303830718587
    W:1.244952460936176
    X:0.13306869186345285
    Y:-13.425533933654476
    Z:0.4500914755695813
    SH/L:0.002
