# Nota: C-Order, 1 refers to the Y axis, 2 to the X axis 
# Calibration done at Thu Aug 10 15:10:03 2023
poni_version: 2
Detector: Dexela2923
Detector_config: {"pixel1": 7.5e-05, "pixel2": 7.5e-05}
Distance: 0.7729163652097074
Poni1: 0.15023228379054998
Poni2: 0.13162955346626973
Rot1: -0.03463361979894058
Rot2: -0.0014763885094713292
Rot3: -7.645244767931508e-10
Wavelength: 1.82e-11
